$POS,1942,307800.000,1,3964450.0820,-4392493.3539,-2375390.2980,3964449.8485,-4392493.0043,-2375390.2223
$VELACC,1942,307800.000,1,316.7987,-96.5548,2316.4013,0.00000,0.00000,0.00000,0.0000,0.0000,0.0000,0.00000,0.00000,0.00000
$CLK,1942,307800.000,1,1,-27.282,0.000,0.000,0.000
$SAT,1942,307800.000,G18,1,342.7,43.6,-0.1428,-0.0080,1,50.5,2,0,1,0,0,0
$SAT,1942,307800.000,G18,2,342.7,43.6,0.4572,0.0060,1,43.0,2,0,1,0,0,0
$SAT,1942,307800.000,G20,1,123.2,55.1,0.0000,0.0000,1,49.8,2,0,1,0,0,0
$SAT,1942,307800.000,G20,2,123.2,55.1,0.0000,0.0000,1,45.0,2,0,1,0,0,0
$SAT,1942,307800.000,G21,1,240.5,51.5,-0.0964,-0.0044,1,50.0,2,0,1,0,0,0
$SAT,1942,307800.000,G21,2,240.5,51.5,0.1436,-0.0033,1,44.8,2,0,1,0,0,0
$SAT,1942,307800.000,G25,1,12.7,53.4,-0.2851,-0.0141,1,50.2,2,0,1,0,0,0
$SAT,1942,307800.000,G25,2,12.7,53.4,0.1549,-0.0010,1,45.8,2,0,1,0,0,0
$SAT,1942,307800.000,G26,1,223.3,28.5,-0.0759,-0.0062,1,46.2,2,0,1,0,0,0
$SAT,1942,307800.000,G26,2,223.3,28.5,-0.3559,-0.0044,1,40.2,2,0,1,0,0,0
$SAT,1942,307800.000,G29,1,139.6,50.7,0.0250,-0.0128,1,50.8,2,0,1,0,0,0
$SAT,1942,307800.000,G29,2,139.6,50.7,-0.1350,-0.0009,1,45.2,2,0,1,0,0,0
$POS,1942,307860.000,1,3964449.7074,-4392492.9327,-2375389.8687,3964449.8457,-4392492.9945,-2375390.2174
$VELACC,1942,307860.000,1,341.0338,-86.8166,2252.1861,0.00000,0.00000,0.00000,0.0000,0.0000,0.0000,0.00000,0.00000,0.00000
$CLK,1942,307860.000,1,1,-28.887,0.000,0.000,0.000
$SAT,1942,307860.000,G18,1,342.6,44.0,-0.3448,-0.0048,1,50.2,2,0,2,0,0,0
$SAT,1942,307860.000,G18,2,342.6,44.0,0.7352,-0.0034,1,42.8,2,0,2,0,0,0
$SAT,1942,307860.000,G20,1,123.8,54.8,0.0000,0.0000,1,49.8,2,0,2,0,0,0
$SAT,1942,307860.000,G20,2,123.8,54.8,0.0000,0.0000,1,44.5,2,0,2,0,0,0
$SAT,1942,307860.000,G21,1,239.7,51.6,0.0631,-0.0102,1,50.2,2,0,2,0,0,0
$SAT,1942,307860.000,G21,2,239.7,51.6,0.2431,-0.0040,1,44.2,2,0,2,0,0,0
$SAT,1942,307860.000,G25,1,12.6,52.9,-0.0875,-0.0098,1,49.8,2,0,2,0,0,0
$SAT,1942,307860.000,G25,2,12.6,52.9,0.3925,0.0041,1,45.0,2,0,2,0,0,0
$SAT,1942,307860.000,G26,1,223.5,28.8,-0.2957,-0.0004,1,45.5,2,0,2,0,0,0
$SAT,1942,307860.000,G26,2,223.5,28.8,-0.5157,-0.0059,1,41.5,2,0,2,0,0,0
$SAT,1942,307860.000,G29,1,138.8,50.8,-0.0143,-0.0070,1,51.2,2,0,2,0,0,0
$SAT,1942,307860.000,G29,2,138.8,50.8,-0.6143,-0.0047,1,44.5,2,0,2,0,0,0
